(kicad_pcb (version 20171130) (host pcbnew "(5.1.10)-1")

  (general
    (thickness 1.6)
    (drawings 4)
    (tracks 1062)
    (zones 0)
    (modules 42)
    (nets 67)
  )

  (page A4)
  (layers
    (0 F.Cu signal hide)
    (31 B.Cu signal hide)
    (32 B.Adhes user)
    (33 F.Adhes user)
    (34 B.Paste user)
    (35 F.Paste user)
    (36 B.SilkS user)
    (37 F.SilkS user)
    (38 B.Mask user)
    (39 F.Mask user)
    (40 Dwgs.User user)
    (41 Cmts.User user)
    (42 Eco1.User user)
    (43 Eco2.User user)
    (44 Edge.Cuts user)
    (45 Margin user)
    (46 B.CrtYd user)
    (47 F.CrtYd user)
    (48 B.Fab user hide)
    (49 F.Fab user hide)
  )

  (setup
    (last_trace_width 0.3)
    (user_trace_width 0.3)
    (trace_clearance 0.3)
    (zone_clearance 0.508)
    (zone_45_only yes)
    (trace_min 0.3)
    (via_size 0.6)
    (via_drill 0.3)
    (via_min_size 0.6)
    (via_min_drill 0.3)
    (user_via 0.6 0.3)
    (uvia_size 0.3)
    (uvia_drill 0.1)
    (uvias_allowed no)
    (uvia_min_size 0.2)
    (uvia_min_drill 0.1)
    (edge_width 0.05)
    (segment_width 0.2)
    (pcb_text_width 0.3)
    (pcb_text_size 1.5 1.5)
    (mod_edge_width 0.12)
    (mod_text_size 1 1)
    (mod_text_width 0.15)
    (pad_size 1.8 1.6)
    (pad_drill 1)
    (pad_to_mask_clearance 0)
    (aux_axis_origin 0 0)
    (grid_origin 98.9972 133.994)
    (visible_elements 7FFFFFFF)
    (pcbplotparams
      (layerselection 0x010fc_ffffffff)
      (usegerberextensions false)
      (usegerberattributes true)
      (usegerberadvancedattributes true)
      (creategerberjobfile true)
      (excludeedgelayer true)
      (linewidth 0.100000)
      (plotframeref false)
      (viasonmask false)
      (mode 1)
      (useauxorigin false)
      (hpglpennumber 1)
      (hpglpenspeed 20)
      (hpglpendiameter 15.000000)
      (psnegative false)
      (psa4output false)
      (plotreference true)
      (plotvalue true)
      (plotinvisibletext false)
      (padsonsilk false)
      (subtractmaskfromsilk false)
      (outputformat 1)
      (mirror false)
      (drillshape 1)
      (scaleselection 1)
      (outputdirectory ""))
  )

  (net 0 "")
  (net 1 GND)
  (net 2 +3V3)
  (net 3 /D3)
  (net 4 /~PPARITY)
  (net 5 /~PBSY)
  (net 6 /D6)
  (net 7 /D2)
  (net 8 /D1)
  (net 9 /D4)
  (net 10 /~PRES)
  (net 11 /~PCMD)
  (net 12 /~PSTRB)
  (net 13 /D7)
  (net 14 /D5)
  (net 15 /D0)
  (net 16 /PR~W)
  (net 17 /SD_MISO)
  (net 18 /SD_SCK)
  (net 19 /SD_MOSI)
  (net 20 /SD_CS)
  (net 21 /SCL)
  (net 22 /SDA)
  (net 23 /PD0)
  (net 24 /PD1)
  (net 25 /PD2)
  (net 26 /PD3)
  (net 27 /PD4)
  (net 28 /PD5)
  (net 29 /PD6)
  (net 30 /PD7)
  (net 31 "Net-(U1-Pad6)")
  (net 32 /OD7)
  (net 33 /OD6)
  (net 34 /OD5)
  (net 35 /OD4)
  (net 36 /OD3)
  (net 37 /OD2)
  (net 38 /OD1)
  (net 39 /OD0)
  (net 40 /ID0)
  (net 41 /ID1)
  (net 42 /ID2)
  (net 43 /ID3)
  (net 44 /ID4)
  (net 45 /ID5)
  (net 46 /ID6)
  (net 47 /ID7)
  (net 48 "Net-(U7-Pad43)")
  (net 49 "Net-(U7-Pad42)")
  (net 50 "Net-(U7-Pad41)")
  (net 51 /RUN)
  (net 52 "Net-(U7-Pad35)")
  (net 53 "Net-(U7-Pad37)")
  (net 54 "Net-(U7-Pad40)")
  (net 55 +5VL)
  (net 56 /~R~W)
  (net 57 /BSY)
  (net 58 "Net-(R14-Pad2)")
  (net 59 "Net-(R17-Pad1)")
  (net 60 "Net-(R18-Pad1)")
  (net 61 "Net-(R15-Pad1)")
  (net 62 "Net-(R16-Pad2)")
  (net 63 /CMD)
  (net 64 /STRB)
  (net 65 /PCHK)
  (net 66 "Net-(D1-Pad2)")

  (net_class Default "This is the default net class."
    (clearance 0.3)
    (trace_width 0.3)
    (via_dia 0.6)
    (via_drill 0.3)
    (uvia_dia 0.3)
    (uvia_drill 0.1)
    (diff_pair_width 0.3)
    (diff_pair_gap 0.3)
    (add_net /BSY)
    (add_net /CMD)
    (add_net /D0)
    (add_net /D1)
    (add_net /D2)
    (add_net /D3)
    (add_net /D4)
    (add_net /D5)
    (add_net /D6)
    (add_net /D7)
    (add_net /ID0)
    (add_net /ID1)
    (add_net /ID2)
    (add_net /ID3)
    (add_net /ID4)
    (add_net /ID5)
    (add_net /ID6)
    (add_net /ID7)
    (add_net /OD0)
    (add_net /OD1)
    (add_net /OD2)
    (add_net /OD3)
    (add_net /OD4)
    (add_net /OD5)
    (add_net /OD6)
    (add_net /OD7)
    (add_net /PCHK)
    (add_net /PD0)
    (add_net /PD1)
    (add_net /PD2)
    (add_net /PD3)
    (add_net /PD4)
    (add_net /PD5)
    (add_net /PD6)
    (add_net /PD7)
    (add_net /PR~W)
    (add_net /RUN)
    (add_net /SCL)
    (add_net /SDA)
    (add_net /SD_CS)
    (add_net /SD_MISO)
    (add_net /SD_MOSI)
    (add_net /SD_SCK)
    (add_net /STRB)
    (add_net /~PBSY)
    (add_net /~PCMD)
    (add_net /~PPARITY)
    (add_net /~PRES)
    (add_net /~PSTRB)
    (add_net /~R~W)
    (add_net "Net-(D1-Pad2)")
    (add_net "Net-(R14-Pad2)")
    (add_net "Net-(R15-Pad1)")
    (add_net "Net-(R16-Pad2)")
    (add_net "Net-(R17-Pad1)")
    (add_net "Net-(R18-Pad1)")
    (add_net "Net-(U1-Pad6)")
    (add_net "Net-(U7-Pad35)")
    (add_net "Net-(U7-Pad37)")
    (add_net "Net-(U7-Pad40)")
    (add_net "Net-(U7-Pad41)")
    (add_net "Net-(U7-Pad42)")
    (add_net "Net-(U7-Pad43)")
  )

  (net_class Power ""
    (clearance 0.3)
    (trace_width 1)
    (via_dia 1.2)
    (via_drill 0.6)
    (uvia_dia 0.3)
    (uvia_drill 0.1)
    (diff_pair_width 0.3)
    (diff_pair_gap 0.3)
    (add_net +3V3)
    (add_net +5VL)
    (add_net GND)
  )

  (module Resistor_SMD:R_0603_1608Metric (layer B.Cu) (tedit 5F68FEEE) (tstamp 61288EE3)
    (at 176.276 63.817 270)
    (descr "Resistor SMD 0603 (1608 Metric), square (rectangular) end terminal, IPC_7351 nominal, (Body size source: IPC-SM-782 page 72, https://www.pcb-3d.com/wordpress/wp-content/uploads/ipc-sm-782a_amendment_1_and_2.pdf), generated with kicad-footprint-generator")
    (tags resistor)
    (path /6129DB38)
    (attr smd)
    (fp_text reference R19 (at 0 1.43 90) (layer B.SilkS)
      (effects (font (size 1 1) (thickness 0.15)) (justify mirror))
    )
    (fp_text value 10k (at 0 -1.43 90) (layer B.Fab)
      (effects (font (size 1 1) (thickness 0.15)) (justify mirror))
    )
    (fp_text user %R (at 0 0 90) (layer B.Fab)
      (effects (font (size 0.4 0.4) (thickness 0.06)) (justify mirror))
    )
    (fp_line (start -0.8 -0.4125) (end -0.8 0.4125) (layer B.Fab) (width 0.1))
    (fp_line (start -0.8 0.4125) (end 0.8 0.4125) (layer B.Fab) (width 0.1))
    (fp_line (start 0.8 0.4125) (end 0.8 -0.4125) (layer B.Fab) (width 0.1))
    (fp_line (start 0.8 -0.4125) (end -0.8 -0.4125) (layer B.Fab) (width 0.1))
    (fp_line (start -0.237258 0.5225) (end 0.237258 0.5225) (layer B.SilkS) (width 0.12))
    (fp_line (start -0.237258 -0.5225) (end 0.237258 -0.5225) (layer B.SilkS) (width 0.12))
    (fp_line (start -1.48 -0.73) (end -1.48 0.73) (layer B.CrtYd) (width 0.05))
    (fp_line (start -1.48 0.73) (end 1.48 0.73) (layer B.CrtYd) (width 0.05))
    (fp_line (start 1.48 0.73) (end 1.48 -0.73) (layer B.CrtYd) (width 0.05))
    (fp_line (start 1.48 -0.73) (end -1.48 -0.73) (layer B.CrtYd) (width 0.05))
    (pad 2 smd roundrect (at 0.825 0 270) (size 0.8 0.95) (layers B.Cu B.Paste B.Mask) (roundrect_rratio 0.25)
      (net 55 +5VL))
    (pad 1 smd roundrect (at -0.825 0 270) (size 0.8 0.95) (layers B.Cu B.Paste B.Mask) (roundrect_rratio 0.25)
      (net 10 /~PRES))
    (model ${KISYS3DMOD}/Resistor_SMD.3dshapes/R_0603_1608Metric.wrl
      (at (xyz 0 0 0))
      (scale (xyz 1 1 1))
      (rotate (xyz 0 0 0))
    )
  )

  (module Diode_SMD:D_SOD-123F (layer F.Cu) (tedit 587F7769) (tstamp 61274CA8)
    (at 206.15148 63.13632 270)
    (descr D_SOD-123F)
    (tags D_SOD-123F)
    (path /614028B7)
    (attr smd)
    (fp_text reference D1 (at -0.127 -1.905 90) (layer F.SilkS)
      (effects (font (size 1 1) (thickness 0.15)))
    )
    (fp_text value MBR1020VL (at 0 2.1 90) (layer F.Fab)
      (effects (font (size 1 1) (thickness 0.15)))
    )
    (fp_line (start -2.2 -1) (end 1.65 -1) (layer F.SilkS) (width 0.12))
    (fp_line (start -2.2 1) (end 1.65 1) (layer F.SilkS) (width 0.12))
    (fp_line (start -2.2 -1.15) (end -2.2 1.15) (layer F.CrtYd) (width 0.05))
    (fp_line (start 2.2 1.15) (end -2.2 1.15) (layer F.CrtYd) (width 0.05))
    (fp_line (start 2.2 -1.15) (end 2.2 1.15) (layer F.CrtYd) (width 0.05))
    (fp_line (start -2.2 -1.15) (end 2.2 -1.15) (layer F.CrtYd) (width 0.05))
    (fp_line (start -1.4 -0.9) (end 1.4 -0.9) (layer F.Fab) (width 0.1))
    (fp_line (start 1.4 -0.9) (end 1.4 0.9) (layer F.Fab) (width 0.1))
    (fp_line (start 1.4 0.9) (end -1.4 0.9) (layer F.Fab) (width 0.1))
    (fp_line (start -1.4 0.9) (end -1.4 -0.9) (layer F.Fab) (width 0.1))
    (fp_line (start -0.75 0) (end -0.35 0) (layer F.Fab) (width 0.1))
    (fp_line (start -0.35 0) (end -0.35 -0.55) (layer F.Fab) (width 0.1))
    (fp_line (start -0.35 0) (end -0.35 0.55) (layer F.Fab) (width 0.1))
    (fp_line (start -0.35 0) (end 0.25 -0.4) (layer F.Fab) (width 0.1))
    (fp_line (start 0.25 -0.4) (end 0.25 0.4) (layer F.Fab) (width 0.1))
    (fp_line (start 0.25 0.4) (end -0.35 0) (layer F.Fab) (width 0.1))
    (fp_line (start 0.25 0) (end 0.75 0) (layer F.Fab) (width 0.1))
    (fp_line (start -2.2 -1) (end -2.2 1) (layer F.SilkS) (width 0.12))
    (fp_text user %R (at -0.127 -1.905 90) (layer F.Fab)
      (effects (font (size 1 1) (thickness 0.15)))
    )
    (pad 2 smd rect (at 1.4 0 270) (size 1.1 1.1) (layers F.Cu F.Paste F.Mask)
      (net 66 "Net-(D1-Pad2)"))
    (pad 1 smd rect (at -1.4 0 270) (size 1.1 1.1) (layers F.Cu F.Paste F.Mask)
      (net 55 +5VL))
    (model ${KISYS3DMOD}/Diode_SMD.3dshapes/D_SOD-123F.wrl
      (at (xyz 0 0 0))
      (scale (xyz 1 1 1))
      (rotate (xyz 0 0 0))
    )
  )

  (module Connector_Phoenix_MSTB:PhoenixContact_MSTBA_2,5_2-G-5,08_1x02_P5.08mm_Horizontal (layer F.Cu) (tedit 5B785047) (tstamp 61267256)
    (at 211.95792 81.64576 90)
    (descr "Generic Phoenix Contact connector footprint for: MSTBA_2,5/2-G-5,08; number of pins: 02; pin pitch: 5.08mm; Angled || order number: 1757242 12A || order number: 1923869 16A (HC)")
    (tags "phoenix_contact connector MSTBA_01x02_G_5.08mm")
    (path /61277E40)
    (fp_text reference J5 (at 2.54 -3.2 90) (layer F.SilkS)
      (effects (font (size 1 1) (thickness 0.15)))
    )
    (fp_text value Screw_Terminal_01x02 (at 2.54 11.2 90) (layer F.Fab)
      (effects (font (size 1 1) (thickness 0.15)))
    )
    (fp_line (start -3.65 -2.11) (end -3.65 10.11) (layer F.SilkS) (width 0.12))
    (fp_line (start -3.65 10.11) (end 8.73 10.11) (layer F.SilkS) (width 0.12))
    (fp_line (start 8.73 10.11) (end 8.73 -2.11) (layer F.SilkS) (width 0.12))
    (fp_line (start 8.73 -2.11) (end -3.65 -2.11) (layer F.SilkS) (width 0.12))
    (fp_line (start -3.54 -2) (end -3.54 10) (layer F.Fab) (width 0.1))
    (fp_line (start -3.54 10) (end 8.62 10) (layer F.Fab) (width 0.1))
    (fp_line (start 8.62 10) (end 8.62 -2) (layer F.Fab) (width 0.1))
    (fp_line (start 8.62 -2) (end -3.54 -2) (layer F.Fab) (width 0.1))
    (fp_line (start -3.65 8.61) (end -3.65 6.81) (layer F.SilkS) (width 0.12))
    (fp_line (start -3.65 6.81) (end 8.73 6.81) (layer F.SilkS) (width 0.12))
    (fp_line (start 8.73 6.81) (end 8.73 8.61) (layer F.SilkS) (width 0.12))
    (fp_line (start 8.73 8.61) (end -3.65 8.61) (layer F.SilkS) (width 0.12))
    (fp_line (start -1 10.11) (end 1 10.11) (layer F.SilkS) (width 0.12))
    (fp_line (start 1 10.11) (end 0.75 8.61) (layer F.SilkS) (width 0.12))
    (fp_line (start 0.75 8.61) (end -0.75 8.61) (layer F.SilkS) (width 0.12))
    (fp_line (start -0.75 8.61) (end -1 10.11) (layer F.SilkS) (width 0.12))
    (fp_line (start 4.08 10.11) (end 6.08 10.11) (layer F.SilkS) (width 0.12))
    (fp_line (start 6.08 10.11) (end 5.83 8.61) (layer F.SilkS) (width 0.12))
    (fp_line (start 5.83 8.61) (end 4.33 8.61) (layer F.SilkS) (width 0.12))
    (fp_line (start 4.33 8.61) (end 4.08 10.11) (layer F.SilkS) (width 0.12))
    (fp_line (start -4.04 -2.5) (end -4.04 10.5) (layer F.CrtYd) (width 0.05))
    (fp_line (start -4.04 10.5) (end 9.12 10.5) (layer F.CrtYd) (width 0.05))
    (fp_line (start 9.12 10.5) (end 9.12 -2.5) (layer F.CrtYd) (width 0.05))
    (fp_line (start 9.12 -2.5) (end -4.04 -2.5) (layer F.CrtYd) (width 0.05))
    (fp_line (start 0.3 -2.91) (end 0 -2.31) (layer F.SilkS) (width 0.12))
    (fp_line (start 0 -2.31) (end -0.3 -2.91) (layer F.SilkS) (width 0.12))
    (fp_line (start -0.3 -2.91) (end 0.3 -2.91) (layer F.SilkS) (width 0.12))
    (fp_line (start 0.95 -2) (end 0 -0.5) (layer F.Fab) (width 0.1))
    (fp_line (start 0 -0.5) (end -0.95 -2) (layer F.Fab) (width 0.1))
    (fp_text user %R (at 2.54 -1.3 90) (layer F.Fab)
      (effects (font (size 1 1) (thickness 0.15)))
    )
    (pad 2 thru_hole oval (at 5.08 0 90) (size 2.08 3.6) (drill 1.4) (layers *.Cu *.Mask)
      (net 66 "Net-(D1-Pad2)"))
    (pad 1 thru_hole roundrect (at 0 0 90) (size 2.08 3.6) (drill 1.4) (layers *.Cu *.Mask) (roundrect_rratio 0.120192)
      (net 1 GND))
    (model ${KISYS3DMOD}/Connector_Phoenix_MSTB.3dshapes/PhoenixContact_MSTBA_2,5_2-G-5,08_1x02_P5.08mm_Horizontal.wrl
      (at (xyz 0 0 0))
      (scale (xyz 1 1 1))
      (rotate (xyz 0 0 0))
    )
  )

  (module Resistor_SMD:R_0603_1608Metric (layer B.Cu) (tedit 5F68FEEE) (tstamp 611FE29E)
    (at 163.8808 71.2846 270)
    (descr "Resistor SMD 0603 (1608 Metric), square (rectangular) end terminal, IPC_7351 nominal, (Body size source: IPC-SM-782 page 72, https://www.pcb-3d.com/wordpress/wp-content/uploads/ipc-sm-782a_amendment_1_and_2.pdf), generated with kicad-footprint-generator")
    (tags resistor)
    (path /612B4C09)
    (attr smd)
    (fp_text reference R14 (at 0 1.43 270) (layer B.SilkS)
      (effects (font (size 1 1) (thickness 0.15)) (justify mirror))
    )
    (fp_text value 100 (at 0 -1.43 270) (layer B.Fab)
      (effects (font (size 1 1) (thickness 0.15)) (justify mirror))
    )
    (fp_line (start 1.48 -0.73) (end -1.48 -0.73) (layer B.CrtYd) (width 0.05))
    (fp_line (start 1.48 0.73) (end 1.48 -0.73) (layer B.CrtYd) (width 0.05))
    (fp_line (start -1.48 0.73) (end 1.48 0.73) (layer B.CrtYd) (width 0.05))
    (fp_line (start -1.48 -0.73) (end -1.48 0.73) (layer B.CrtYd) (width 0.05))
    (fp_line (start -0.237258 -0.5225) (end 0.237258 -0.5225) (layer B.SilkS) (width 0.12))
    (fp_line (start -0.237258 0.5225) (end 0.237258 0.5225) (layer B.SilkS) (width 0.12))
    (fp_line (start 0.8 -0.4125) (end -0.8 -0.4125) (layer B.Fab) (width 0.1))
    (fp_line (start 0.8 0.4125) (end 0.8 -0.4125) (layer B.Fab) (width 0.1))
    (fp_line (start -0.8 0.4125) (end 0.8 0.4125) (layer B.Fab) (width 0.1))
    (fp_line (start -0.8 -0.4125) (end -0.8 0.4125) (layer B.Fab) (width 0.1))
    (fp_text user %R (at 0 0 270) (layer B.Fab)
      (effects (font (size 0.4 0.4) (thickness 0.06)) (justify mirror))
    )
    (pad 2 smd roundrect (at 0.825 0 270) (size 0.8 0.95) (layers B.Cu B.Paste B.Mask) (roundrect_rratio 0.25)
      (net 58 "Net-(R14-Pad2)"))
    (pad 1 smd roundrect (at -0.825 0 270) (size 0.8 0.95) (layers B.Cu B.Paste B.Mask) (roundrect_rratio 0.25)
      (net 4 /~PPARITY))
    (model ${KISYS3DMOD}/Resistor_SMD.3dshapes/R_0603_1608Metric.wrl
      (at (xyz 0 0 0))
      (scale (xyz 1 1 1))
      (rotate (xyz 0 0 0))
    )
  )

  (module Package_TO_SOT_SMD:SOT-23-5_HandSoldering (layer B.Cu) (tedit 5A0AB76C) (tstamp 6124086C)
    (at 191.9948 66.8376)
    (descr "5-pin SOT23 package")
    (tags "SOT-23-5 hand-soldering")
    (path /615394C7)
    (attr smd)
    (fp_text reference U9 (at 3.984 -0.0152) (layer B.SilkS)
      (effects (font (size 1 1) (thickness 0.15)) (justify mirror))
    )
    (fp_text value 74LVC1G04 (at 0 -2.9) (layer B.Fab)
      (effects (font (size 1 1) (thickness 0.15)) (justify mirror))
    )
    (fp_line (start -0.9 -1.61) (end 0.9 -1.61) (layer B.SilkS) (width 0.12))
    (fp_line (start 0.9 1.61) (end -1.55 1.61) (layer B.SilkS) (width 0.12))
    (fp_line (start -0.9 0.9) (end -0.25 1.55) (layer B.Fab) (width 0.1))
    (fp_line (start 0.9 1.55) (end -0.25 1.55) (layer B.Fab) (width 0.1))
    (fp_line (start -0.9 0.9) (end -0.9 -1.55) (layer B.Fab) (width 0.1))
    (fp_line (start 0.9 -1.55) (end -0.9 -1.55) (layer B.Fab) (width 0.1))
    (fp_line (start 0.9 1.55) (end 0.9 -1.55) (layer B.Fab) (width 0.1))
    (fp_line (start -2.38 1.8) (end 2.38 1.8) (layer B.CrtYd) (width 0.05))
    (fp_line (start -2.38 1.8) (end -2.38 -1.8) (layer B.CrtYd) (width 0.05))
    (fp_line (start 2.38 -1.8) (end 2.38 1.8) (layer B.CrtYd) (width 0.05))
    (fp_line (start 2.38 -1.8) (end -2.38 -1.8) (layer B.CrtYd) (width 0.05))
    (fp_text user %R (at 0 0 -90) (layer B.Fab)
      (effects (font (size 0.5 0.5) (thickness 0.075)) (justify mirror))
    )
    (pad 5 smd rect (at 1.35 0.95) (size 1.56 0.65) (layers B.Cu B.Paste B.Mask)
      (net 2 +3V3))
    (pad 4 smd rect (at 1.35 -0.95) (size 1.56 0.65) (layers B.Cu B.Paste B.Mask)
      (net 64 /STRB))
    (pad 3 smd rect (at -1.35 -0.95) (size 1.56 0.65) (layers B.Cu B.Paste B.Mask)
      (net 1 GND))
    (pad 2 smd rect (at -1.35 0) (size 1.56 0.65) (layers B.Cu B.Paste B.Mask)
      (net 60 "Net-(R18-Pad1)"))
    (pad 1 smd rect (at -1.35 0.95) (size 1.56 0.65) (layers B.Cu B.Paste B.Mask))
    (model ${KISYS3DMOD}/Package_TO_SOT_SMD.3dshapes/SOT-23-5.wrl
      (at (xyz 0 0 0))
      (scale (xyz 1 1 1))
      (rotate (xyz 0 0 0))
    )
  )

  (module Connector_IDC:IDC-Header_2x13_P2.54mm_Vertical (layer F.Cu) (tedit 61265FF7) (tstamp 6113DBE8)
    (at 106.045 75.565)
    (descr "Through hole IDC box header, 2x13, 2.54mm pitch, DIN 41651 / IEC 60603-13, double rows, https://docs.google.com/spreadsheets/d/16SsEcesNF15N3Lb4niX7dcUr-NY5_MFPQhobNuNppn4/edit#gid=0")
    (tags "Through hole vertical IDC box header THT 2x13 2.54mm double row")
    (path /60ED6C71)
    (fp_text reference J1 (at 1.27 -6.1) (layer F.SilkS)
      (effects (font (size 1 1) (thickness 0.15)))
    )
    (fp_text value Parallel (at 1.27 36.58) (layer F.Fab)
      (effects (font (size 1 1) (thickness 0.15)))
    )
    (fp_line (start 6.22 -5.6) (end -3.68 -5.6) (layer F.CrtYd) (width 0.05))
    (fp_line (start 6.22 36.08) (end 6.22 -5.6) (layer F.CrtYd) (width 0.05))
    (fp_line (start -3.68 36.08) (end 6.22 36.08) (layer F.CrtYd) (width 0.05))
    (fp_line (start -3.68 -5.6) (end -3.68 36.08) (layer F.CrtYd) (width 0.05))
    (fp_line (start -4.68 0.5) (end -3.68 0) (layer F.SilkS) (width 0.12))
    (fp_line (start -4.68 -0.5) (end -4.68 0.5) (layer F.SilkS) (width 0.12))
    (fp_line (start -3.68 0) (end -4.68 -0.5) (layer F.SilkS) (width 0.12))
    (fp_line (start -1.98 17.29) (end -3.29 17.29) (layer F.SilkS) (width 0.12))
    (fp_line (start -1.98 17.29) (end -1.98 17.29) (layer F.SilkS) (width 0.12))
    (fp_line (start -1.98 34.39) (end -1.98 17.29) (layer F.SilkS) (width 0.12))
    (fp_line (start 4.52 34.39) (end -1.98 34.39) (layer F.SilkS) (width 0.12))
    (fp_line (start 4.52 -3.91) (end 4.52 34.39) (layer F.SilkS) (width 0.12))
    (fp_line (start -1.98 -3.91) (end 4.52 -3.91) (layer F.SilkS) (width 0.12))
    (fp_line (start -1.98 13.19) (end -1.98 -3.91) (layer F.SilkS) (width 0.12))
    (fp_line (start -3.29 13.19) (end -1.98 13.19) (layer F.SilkS) (width 0.12))
    (fp_line (start -3.29 35.69) (end -3.29 -5.21) (layer F.SilkS) (width 0.12))
    (fp_line (start 5.83 35.69) (end -3.29 35.69) (layer F.SilkS) (width 0.12))
    (fp_line (start 5.83 -5.21) (end 5.83 35.69) (layer F.SilkS) (width 0.12))
    (fp_line (start -3.29 -5.21) (end 5.83 -5.21) (layer F.SilkS) (width 0.12))
    (fp_line (start -1.98 17.29) (end -3.18 17.29) (layer F.Fab) (width 0.1))
    (fp_line (start -1.98 17.29) (end -1.98 17.29) (layer F.Fab) (width 0.1))
    (fp_line (start -1.98 34.39) (end -1.98 17.29) (layer F.Fab) (width 0.1))
    (fp_line (start 4.52 34.39) (end -1.98 34.39) (layer F.Fab) (width 0.1))
    (fp_line (start 4.52 -3.91) (end 4.52 34.39) (layer F.Fab) (width 0.1))
    (fp_line (start -1.98 -3.91) (end 4.52 -3.91) (layer F.Fab) (width 0.1))
    (fp_line (start -1.98 13.19) (end -1.98 -3.91) (layer F.Fab) (width 0.1))
    (fp_line (start -3.18 13.19) (end -1.98 13.19) (layer F.Fab) (width 0.1))
    (fp_line (start -3.18 35.58) (end -3.18 -4.1) (layer F.Fab) (width 0.1))
    (fp_line (start 5.72 35.58) (end -3.18 35.58) (layer F.Fab) (width 0.1))
    (fp_line (start 5.72 -5.1) (end 5.72 35.58) (layer F.Fab) (width 0.1))
    (fp_line (start -2.18 -5.1) (end 5.72 -5.1) (layer F.Fab) (width 0.1))
    (fp_line (start -3.18 -4.1) (end -2.18 -5.1) (layer F.Fab) (width 0.1))
    (fp_text user %R (at 1.27 15.24 90) (layer F.Fab)
      (effects (font (size 1 1) (thickness 0.15)))
    )
    (pad 26 thru_hole circle (at 2.54 30.48) (size 1.7 1.7) (drill 1) (layers *.Cu *.Mask)
      (net 1 GND))
    (pad 24 thru_hole oval (at 2.54 27.94) (size 1.8 1.6) (drill 1) (layers *.Cu *.Mask)
      (net 1 GND))
    (pad 22 thru_hole oval (at 2.54 25.4) (size 1.8 1.6) (drill 1) (layers *.Cu *.Mask)
      (net 3 /D3))
    (pad 20 thru_hole circle (at 2.54 22.86) (size 1.7 1.7) (drill 1) (layers *.Cu *.Mask)
      (net 1 GND))
    (pad 18 thru_hole circle (at 2.54 20.32) (size 1.7 1.7) (drill 1) (layers *.Cu *.Mask)
      (net 4 /~PPARITY))
    (pad 16 thru_hole circle (at 2.54 17.78) (size 1.7 1.7) (drill 1) (layers *.Cu *.Mask)
      (net 5 /~PBSY))
    (pad 14 thru_hole oval (at 2.54 15.24) (size 1.8 1.65) (drill 1) (layers *.Cu *.Mask)
      (net 1 GND))
    (pad 12 thru_hole oval (at 2.54 12.7) (size 1.8 1.6) (drill 1) (layers *.Cu *.Mask)
      (net 6 /D6))
    (pad 10 thru_hole oval (at 2.54 10.16) (size 1.8 1.6) (drill 1) (layers *.Cu *.Mask)
      (net 1 GND))
    (pad 8 thru_hole circle (at 2.54 7.62) (size 1.7 1.7) (drill 1) (layers *.Cu *.Mask)
      (net 7 /D2))
    (pad 6 thru_hole oval (at 2.54 5.08) (size 1.8 1.6) (drill 1) (layers *.Cu *.Mask)
      (net 8 /D1))
    (pad 4 thru_hole oval (at 2.54 2.54) (size 1.8 1.6) (drill 1) (layers *.Cu *.Mask)
      (net 1 GND))
    (pad 2 thru_hole oval (at 2.54 0) (size 1.8 1.6) (drill 1) (layers *.Cu *.Mask)
      (net 1 GND))
    (pad 25 thru_hole circle (at 0 30.48) (size 1.7 1.7) (drill 1) (layers *.Cu *.Mask)
      (net 65 /PCHK))
    (pad 23 thru_hole circle (at 0 27.94) (size 1.7 1.7) (drill 1) (layers *.Cu *.Mask)
      (net 9 /D4))
    (pad 21 thru_hole circle (at 0 25.4) (size 1.7 1.7) (drill 1) (layers *.Cu *.Mask)
      (net 10 /~PRES))
    (pad 19 thru_hole oval (at 0 22.86) (size 1.8 1.6) (drill 1) (layers *.Cu *.Mask)
      (net 1 GND))
    (pad 17 thru_hole oval (at 0 20.32) (size 1.8 1.6) (drill 1) (layers *.Cu *.Mask)
      (net 11 /~PCMD))
    (pad 15 thru_hole oval (at 0 17.78) (size 1.8 1.6) (drill 1) (layers *.Cu *.Mask)
      (net 12 /~PSTRB))
    (pad 13 thru_hole circle (at 0 15.24) (size 1.7 1.7) (drill 1) (layers *.Cu *.Mask)
      (net 13 /D7))
    (pad 11 thru_hole circle (at 0 12.7) (size 1.7 1.7) (drill 1) (layers *.Cu *.Mask)
      (net 14 /D5))
    (pad 9 thru_hole circle (at 0 10.16) (size 1.7 1.7) (drill 1) (layers *.Cu *.Mask)
      (net 1 GND))
    (pad 7 thru_hole circle (at 0 7.62) (size 1.7 1.7) (drill 1) (layers *.Cu *.Mask))
    (pad 5 thru_hole circle (at 0 5.08) (size 1.7 1.7) (drill 1) (layers *.Cu *.Mask)
      (net 15 /D0))
    (pad 3 thru_hole circle (at 0 2.54) (size 1.7 1.7) (drill 1) (layers *.Cu *.Mask)
      (net 16 /PR~W))
    (pad 1 thru_hole roundrect (at 0 0) (size 1.7 1.7) (drill 1) (layers *.Cu *.Mask) (roundrect_rratio 0.147059))
    (model ${KISYS3DMOD}/Connector_IDC.3dshapes/IDC-Header_2x13_P2.54mm_Vertical.wrl
      (at (xyz 0 0 0))
      (scale (xyz 1 1 1))
      (rotate (xyz 0 0 0))
    )
  )

  (module Resistor_SMD:R_0603_1608Metric (layer B.Cu) (tedit 5F68FEEE) (tstamp 6123E2C4)
    (at 160.6804 71.2846 90)
    (descr "Resistor SMD 0603 (1608 Metric), square (rectangular) end terminal, IPC_7351 nominal, (Body size source: IPC-SM-782 page 72, https://www.pcb-3d.com/wordpress/wp-content/uploads/ipc-sm-782a_amendment_1_and_2.pdf), generated with kicad-footprint-generator")
    (tags resistor)
    (path /612A2938)
    (attr smd)
    (fp_text reference R1 (at 0 1.43 270) (layer B.SilkS)
      (effects (font (size 1 1) (thickness 0.15)) (justify mirror))
    )
    (fp_text value 0 (at 0 -1.43 270) (layer B.Fab)
      (effects (font (size 1 1) (thickness 0.15)) (justify mirror))
    )
    (fp_line (start -0.8 -0.4125) (end -0.8 0.4125) (layer B.Fab) (width 0.1))
    (fp_line (start -0.8 0.4125) (end 0.8 0.4125) (layer B.Fab) (width 0.1))
    (fp_line (start 0.8 0.4125) (end 0.8 -0.4125) (layer B.Fab) (width 0.1))
    (fp_line (start 0.8 -0.4125) (end -0.8 -0.4125) (layer B.Fab) (width 0.1))
    (fp_line (start -0.237258 0.5225) (end 0.237258 0.5225) (layer B.SilkS) (width 0.12))
    (fp_line (start -0.237258 -0.5225) (end 0.237258 -0.5225) (layer B.SilkS) (width 0.12))
    (fp_line (start -1.48 -0.73) (end -1.48 0.73) (layer B.CrtYd) (width 0.05))
    (fp_line (start -1.48 0.73) (end 1.48 0.73) (layer B.CrtYd) (width 0.05))
    (fp_line (start 1.48 0.73) (end 1.48 -0.73) (layer B.CrtYd) (width 0.05))
    (fp_line (start 1.48 -0.73) (end -1.48 -0.73) (layer B.CrtYd) (width 0.05))
    (fp_text user %R (at 0 0 270) (layer B.Fab)
      (effects (font (size 0.4 0.4) (thickness 0.06)) (justify mirror))
    )
    (pad 2 smd roundrect (at 0.825 0 90) (size 0.8 0.95) (layers B.Cu B.Paste B.Mask) (roundrect_rratio 0.25)
      (net 65 /PCHK))
    (pad 1 smd roundrect (at -0.825 0 90) (size 0.8 0.95) (layers B.Cu B.Paste B.Mask) (roundrect_rratio 0.25)
      (net 1 GND))
    (model ${KISYS3DMOD}/Resistor_SMD.3dshapes/R_0603_1608Metric.wrl
      (at (xyz 0 0 0))
      (scale (xyz 1 1 1))
      (rotate (xyz 0 0 0))
    )
  )

  (module Package_TO_SOT_SMD:SOT-23-5_HandSoldering (layer B.Cu) (tedit 5A0AB76C) (tstamp 612406A5)
    (at 192.0964 79.2328)
    (descr "5-pin SOT23 package")
    (tags "SOT-23-5 hand-soldering")
    (path /6134DF7E)
    (attr smd)
    (fp_text reference U6 (at 3.8824 -0.0864) (layer B.SilkS)
      (effects (font (size 1 1) (thickness 0.15)) (justify mirror))
    )
    (fp_text value 74LVC1G04 (at 0 -2.9) (layer B.Fab)
      (effects (font (size 1 1) (thickness 0.15)) (justify mirror))
    )
    (fp_line (start -0.9 -1.61) (end 0.9 -1.61) (layer B.SilkS) (width 0.12))
    (fp_line (start 0.9 1.61) (end -1.55 1.61) (layer B.SilkS) (width 0.12))
    (fp_line (start -0.9 0.9) (end -0.25 1.55) (layer B.Fab) (width 0.1))
    (fp_line (start 0.9 1.55) (end -0.25 1.55) (layer B.Fab) (width 0.1))
    (fp_line (start -0.9 0.9) (end -0.9 -1.55) (layer B.Fab) (width 0.1))
    (fp_line (start 0.9 -1.55) (end -0.9 -1.55) (layer B.Fab) (width 0.1))
    (fp_line (start 0.9 1.55) (end 0.9 -1.55) (layer B.Fab) (width 0.1))
    (fp_line (start -2.38 1.8) (end 2.38 1.8) (layer B.CrtYd) (width 0.05))
    (fp_line (start -2.38 1.8) (end -2.38 -1.8) (layer B.CrtYd) (width 0.05))
    (fp_line (start 2.38 -1.8) (end 2.38 1.8) (layer B.CrtYd) (width 0.05))
    (fp_line (start 2.38 -1.8) (end -2.38 -1.8) (layer B.CrtYd) (width 0.05))
    (fp_text user %R (at 0 0 -90) (layer B.Fab)
      (effects (font (size 0.5 0.5) (thickness 0.075)) (justify mirror))
    )
    (pad 5 smd rect (at 1.35 0.95) (size 1.56 0.65) (layers B.Cu B.Paste B.Mask)
      (net 2 +3V3))
    (pad 4 smd rect (at 1.35 -0.95) (size 1.56 0.65) (layers B.Cu B.Paste B.Mask)
      (net 63 /CMD))
    (pad 3 smd rect (at -1.35 -0.95) (size 1.56 0.65) (layers B.Cu B.Paste B.Mask)
      (net 1 GND))
    (pad 2 smd rect (at -1.35 0) (size 1.56 0.65) (layers B.Cu B.Paste B.Mask)
      (net 59 "Net-(R17-Pad1)"))
    (pad 1 smd rect (at -1.35 0.95) (size 1.56 0.65) (layers B.Cu B.Paste B.Mask))
    (model ${KISYS3DMOD}/Package_TO_SOT_SMD.3dshapes/SOT-23-5.wrl
      (at (xyz 0 0 0))
      (scale (xyz 1 1 1))
      (rotate (xyz 0 0 0))
    )
  )

  (module Resistor_SMD:R_0603_1608Metric (layer B.Cu) (tedit 5F68FEEE) (tstamp 61206C90)
    (at 166.9796 71.2846 90)
    (descr "Resistor SMD 0603 (1608 Metric), square (rectangular) end terminal, IPC_7351 nominal, (Body size source: IPC-SM-782 page 72, https://www.pcb-3d.com/wordpress/wp-content/uploads/ipc-sm-782a_amendment_1_and_2.pdf), generated with kicad-footprint-generator")
    (tags resistor)
    (path /614C1119)
    (attr smd)
    (fp_text reference R15 (at 0 1.43 270) (layer B.SilkS)
      (effects (font (size 1 1) (thickness 0.15)) (justify mirror))
    )
    (fp_text value 100 (at 0 -1.43 270) (layer B.Fab)
      (effects (font (size 1 1) (thickness 0.15)) (justify mirror))
    )
    (fp_line (start 1.48 -0.73) (end -1.48 -0.73) (layer B.CrtYd) (width 0.05))
    (fp_line (start 1.48 0.73) (end 1.48 -0.73) (layer B.CrtYd) (width 0.05))
    (fp_line (start -1.48 0.73) (end 1.48 0.73) (layer B.CrtYd) (width 0.05))
    (fp_line (start -1.48 -0.73) (end -1.48 0.73) (layer B.CrtYd) (width 0.05))
    (fp_line (start -0.237258 -0.5225) (end 0.237258 -0.5225) (layer B.SilkS) (width 0.12))
    (fp_line (start -0.237258 0.5225) (end 0.237258 0.5225) (layer B.SilkS) (width 0.12))
    (fp_line (start 0.8 -0.4125) (end -0.8 -0.4125) (layer B.Fab) (width 0.1))
    (fp_line (start 0.8 0.4125) (end 0.8 -0.4125) (layer B.Fab) (width 0.1))
    (fp_line (start -0.8 0.4125) (end 0.8 0.4125) (layer B.Fab) (width 0.1))
    (fp_line (start -0.8 -0.4125) (end -0.8 0.4125) (layer B.Fab) (width 0.1))
    (fp_text user %R (at 0 0 270) (layer B.Fab)
      (effects (font (size 0.4 0.4) (thickness 0.06)) (justify mirror))
    )
    (pad 2 smd roundrect (at 0.825 0 90) (size 0.8 0.95) (layers B.Cu B.Paste B.Mask) (roundrect_rratio 0.25)
      (net 5 /~PBSY))
    (pad 1 smd roundrect (at -0.825 0 90) (size 0.8 0.95) (layers B.Cu B.Paste B.Mask) (roundrect_rratio 0.25)
      (net 61 "Net-(R15-Pad1)"))
    (model ${KISYS3DMOD}/Resistor_SMD.3dshapes/R_0603_1608Metric.wrl
      (at (xyz 0 0 0))
      (scale (xyz 1 1 1))
      (rotate (xyz 0 0 0))
    )
  )

  (module Resistor_SMD:R_0603_1608Metric (layer B.Cu) (tedit 5F68FEEE) (tstamp 611FE2E2)
    (at 174.5874 56.0832 180)
    (descr "Resistor SMD 0603 (1608 Metric), square (rectangular) end terminal, IPC_7351 nominal, (Body size source: IPC-SM-782 page 72, https://www.pcb-3d.com/wordpress/wp-content/uploads/ipc-sm-782a_amendment_1_and_2.pdf), generated with kicad-footprint-generator")
    (tags resistor)
    (path /6133DE3C)
    (attr smd)
    (fp_text reference R18 (at 3.3406 -0.0508) (layer B.SilkS)
      (effects (font (size 1 1) (thickness 0.15)) (justify mirror))
    )
    (fp_text value 100 (at 0 -1.43) (layer B.Fab)
      (effects (font (size 1 1) (thickness 0.15)) (justify mirror))
    )
    (fp_line (start 1.48 -0.73) (end -1.48 -0.73) (layer B.CrtYd) (width 0.05))
    (fp_line (start 1.48 0.73) (end 1.48 -0.73) (layer B.CrtYd) (width 0.05))
    (fp_line (start -1.48 0.73) (end 1.48 0.73) (layer B.CrtYd) (width 0.05))
    (fp_line (start -1.48 -0.73) (end -1.48 0.73) (layer B.CrtYd) (width 0.05))
    (fp_line (start -0.237258 -0.5225) (end 0.237258 -0.5225) (layer B.SilkS) (width 0.12))
    (fp_line (start -0.237258 0.5225) (end 0.237258 0.5225) (layer B.SilkS) (width 0.12))
    (fp_line (start 0.8 -0.4125) (end -0.8 -0.4125) (layer B.Fab) (width 0.1))
    (fp_line (start 0.8 0.4125) (end 0.8 -0.4125) (layer B.Fab) (width 0.1))
    (fp_line (start -0.8 0.4125) (end 0.8 0.4125) (layer B.Fab) (width 0.1))
    (fp_line (start -0.8 -0.4125) (end -0.8 0.4125) (layer B.Fab) (width 0.1))
    (fp_text user %R (at 0 0) (layer B.Fab)
      (effects (font (size 0.4 0.4) (thickness 0.06)) (justify mirror))
    )
    (pad 2 smd roundrect (at 0.825 0 180) (size 0.8 0.95) (layers B.Cu B.Paste B.Mask) (roundrect_rratio 0.25)
      (net 12 /~PSTRB))
    (pad 1 smd roundrect (at -0.825 0 180) (size 0.8 0.95) (layers B.Cu B.Paste B.Mask) (roundrect_rratio 0.25)
      (net 60 "Net-(R18-Pad1)"))
    (model ${KISYS3DMOD}/Resistor_SMD.3dshapes/R_0603_1608Metric.wrl
      (at (xyz 0 0 0))
      (scale (xyz 1 1 1))
      (rotate (xyz 0 0 0))
    )
  )

  (module Resistor_SMD:R_0603_1608Metric (layer B.Cu) (tedit 5F68FEEE) (tstamp 611FE2D1)
    (at 174.5874 57.9628 180)
    (descr "Resistor SMD 0603 (1608 Metric), square (rectangular) end terminal, IPC_7351 nominal, (Body size source: IPC-SM-782 page 72, https://www.pcb-3d.com/wordpress/wp-content/uploads/ipc-sm-782a_amendment_1_and_2.pdf), generated with kicad-footprint-generator")
    (tags resistor)
    (path /6133D9F7)
    (attr smd)
    (fp_text reference R17 (at 3.3914 -0.0508) (layer B.SilkS)
      (effects (font (size 1 1) (thickness 0.15)) (justify mirror))
    )
    (fp_text value 100 (at 0 -1.43) (layer B.Fab)
      (effects (font (size 1 1) (thickness 0.15)) (justify mirror))
    )
    (fp_line (start 1.48 -0.73) (end -1.48 -0.73) (layer B.CrtYd) (width 0.05))
    (fp_line (start 1.48 0.73) (end 1.48 -0.73) (layer B.CrtYd) (width 0.05))
    (fp_line (start -1.48 0.73) (end 1.48 0.73) (layer B.CrtYd) (width 0.05))
    (fp_line (start -1.48 -0.73) (end -1.48 0.73) (layer B.CrtYd) (width 0.05))
    (fp_line (start -0.237258 -0.5225) (end 0.237258 -0.5225) (layer B.SilkS) (width 0.12))
    (fp_line (start -0.237258 0.5225) (end 0.237258 0.5225) (layer B.SilkS) (width 0.12))
    (fp_line (start 0.8 -0.4125) (end -0.8 -0.4125) (layer B.Fab) (width 0.1))
    (fp_line (start 0.8 0.4125) (end 0.8 -0.4125) (layer B.Fab) (width 0.1))
    (fp_line (start -0.8 0.4125) (end 0.8 0.4125) (layer B.Fab) (width 0.1))
    (fp_line (start -0.8 -0.4125) (end -0.8 0.4125) (layer B.Fab) (width 0.1))
    (fp_text user %R (at 0 0) (layer B.Fab)
      (effects (font (size 0.4 0.4) (thickness 0.06)) (justify mirror))
    )
    (pad 2 smd roundrect (at 0.825 0 180) (size 0.8 0.95) (layers B.Cu B.Paste B.Mask) (roundrect_rratio 0.25)
      (net 11 /~PCMD))
    (pad 1 smd roundrect (at -0.825 0 180) (size 0.8 0.95) (layers B.Cu B.Paste B.Mask) (roundrect_rratio 0.25)
      (net 59 "Net-(R17-Pad1)"))
    (model ${KISYS3DMOD}/Resistor_SMD.3dshapes/R_0603_1608Metric.wrl
      (at (xyz 0 0 0))
      (scale (xyz 1 1 1))
      (rotate (xyz 0 0 0))
    )
  )

  (module Resistor_SMD:R_0603_1608Metric (layer B.Cu) (tedit 5F68FEEE) (tstamp 611FE2C0)
    (at 124.968 81.597 270)
    (descr "Resistor SMD 0603 (1608 Metric), square (rectangular) end terminal, IPC_7351 nominal, (Body size source: IPC-SM-782 page 72, https://www.pcb-3d.com/wordpress/wp-content/uploads/ipc-sm-782a_amendment_1_and_2.pdf), generated with kicad-footprint-generator")
    (tags resistor)
    (path /6133D368)
    (attr smd)
    (fp_text reference R16 (at 0 1.43 270) (layer B.SilkS)
      (effects (font (size 1 1) (thickness 0.15)) (justify mirror))
    )
    (fp_text value 100 (at 0 -1.43 270) (layer B.Fab)
      (effects (font (size 1 1) (thickness 0.15)) (justify mirror))
    )
    (fp_line (start 1.48 -0.73) (end -1.48 -0.73) (layer B.CrtYd) (width 0.05))
    (fp_line (start 1.48 0.73) (end 1.48 -0.73) (layer B.CrtYd) (width 0.05))
    (fp_line (start -1.48 0.73) (end 1.48 0.73) (layer B.CrtYd) (width 0.05))
    (fp_line (start -1.48 -0.73) (end -1.48 0.73) (layer B.CrtYd) (width 0.05))
    (fp_line (start -0.237258 -0.5225) (end 0.237258 -0.5225) (layer B.SilkS) (width 0.12))
    (fp_line (start -0.237258 0.5225) (end 0.237258 0.5225) (layer B.SilkS) (width 0.12))
    (fp_line (start 0.8 -0.4125) (end -0.8 -0.4125) (layer B.Fab) (width 0.1))
    (fp_line (start 0.8 0.4125) (end 0.8 -0.4125) (layer B.Fab) (width 0.1))
    (fp_line (start -0.8 0.4125) (end 0.8 0.4125) (layer B.Fab) (width 0.1))
    (fp_line (start -0.8 -0.4125) (end -0.8 0.4125) (layer B.Fab) (width 0.1))
    (fp_text user %R (at 0 0 270) (layer B.Fab)
      (effects (font (size 0.4 0.4) (thickness 0.06)) (justify mirror))
    )
    (pad 2 smd roundrect (at 0.825 0 270) (size 0.8 0.95) (layers B.Cu B.Paste B.Mask) (roundrect_rratio 0.25)
      (net 62 "Net-(R16-Pad2)"))
    (pad 1 smd roundrect (at -0.825 0 270) (size 0.8 0.95) (layers B.Cu B.Paste B.Mask) (roundrect_rratio 0.25)
      (net 16 /PR~W))
    (model ${KISYS3DMOD}/Resistor_SMD.3dshapes/R_0603_1608Metric.wrl
      (at (xyz 0 0 0))
      (scale (xyz 1 1 1))
      (rotate (xyz 0 0 0))
    )
  )

  (module Connector_Dsub:DSUB-25_Female_Horizontal_P2.77x2.84mm_EdgePinOffset7.70mm_Housed_MountingHolesOffset9.12mm (layer F.Cu) (tedit 59FEDEE2) (tstamp 6113DC2C)
    (at 125.73 66.675 180)
    (descr "25-pin D-Sub connector, horizontal/angled (90 deg), THT-mount, female, pitch 2.77x2.84mm, pin-PCB-offset 7.699999999999999mm, distance of mounting holes 47.1mm, distance of mounting holes to PCB edge 9.12mm, see https://disti-assets.s3.amazonaws.com/tonar/files/datasheets/16730.pdf")
    (tags "25-pin D-Sub connector horizontal angled 90deg THT female pitch 2.77x2.84mm pin-PCB-offset 7.699999999999999mm mounting-holes-distance 47.1mm mounting-hole-offset 47.1mm")
    (path /612044DA)
    (fp_text reference J2 (at -16.62 -2.8) (layer F.SilkS)
      (effects (font (size 1 1) (thickness 0.15)))
    )
    (fp_text value DB25_Female (at -16.62 18.61) (layer F.Fab)
      (effects (font (size 1 1) (thickness 0.15)))
    )
    (fp_line (start 10.45 -2.35) (end -43.7 -2.35) (layer F.CrtYd) (width 0.05))
    (fp_line (start 10.45 17.65) (end 10.45 -2.35) (layer F.CrtYd) (width 0.05))
    (fp_line (start -43.7 17.65) (end 10.45 17.65) (layer F.CrtYd) (width 0.05))
    (fp_line (start -43.7 -2.35) (end -43.7 17.65) (layer F.CrtYd) (width 0.05))
    (fp_line (start 0 -2.321325) (end -0.25 -2.754338) (layer F.SilkS) (width 0.12))
    (fp_line (start 0.25 -2.754338) (end 0 -2.321325) (layer F.SilkS) (width 0.12))
    (fp_line (start -0.25 -2.754338) (end 0.25 -2.754338) (layer F.SilkS) (width 0.12))
    (fp_line (start 9.99 -1.86) (end 9.99 10.48) (layer F.SilkS) (width 0.12))
    (fp_line (start -43.23 -1.86) (end 9.99 -1.86) (layer F.SilkS) (width 0.12))
    (fp_line (start -43.23 10.48) (end -43.23 -1.86) (layer F.SilkS) (width 0.12))
    (fp_line (start 8.53 10.54) (end 8.53 1.42) (layer F.Fab) (width 0.1))
    (fp_line (start 5.33 10.54) (end 5.33 1.42) (layer F.Fab) (width 0.1))
    (fp_line (start -38.57 10.54) (end -38.57 1.42) (layer F.Fab) (width 0.1))
    (fp_line (start -41.77 10.54) (end -41.77 1.42) (layer F.Fab) (width 0.1))
    (fp_line (start 9.43 10.94) (end 4.43 10.94) (layer F.Fab) (width 0.1))
    (fp_line (start 9.43 15.94) (end 9.43 10.94) (layer F.Fab) (width 0.1))
    (fp_line (start 4.43 15.94) (end 9.43 15.94) (layer F.Fab) (width 0.1))
    (fp_line (start 4.43 10.94) (end 4.43 15.94) (layer F.Fab) (width 0.1))
    (fp_line (start -37.67 10.94) (end -42.67 10.94) (layer F.Fab) (width 0.1))
    (fp_line (start -37.67 15.94) (end -37.67 10.94) (layer F.Fab) (width 0.1))
    (fp_line (start -42.67 15.94) (end -37.67 15.94) (layer F.Fab) (width 0.1))
    (fp_line (start -42.67 10.94) (end -42.67 15.94) (layer F.Fab) (width 0.1))
    (fp_line (start 2.53 10.94) (end -35.77 10.94) (layer F.Fab) (width 0.1))
    (fp_line (start 2.53 17.11) (end 2.53 10.94) (layer F.Fab) (width 0.1))
    (fp_line (start -35.77 17.11) (end 2.53 17.11) (layer F.Fab) (width 0.1))
    (fp_line (start -35.77 10.94) (end -35.77 17.11) (layer F.Fab) (width 0.1))
    (fp_line (start 9.93 10.54) (end -43.17 10.54) (layer F.Fab) (width 0.1))
    (fp_line (start 9.93 10.94) (end 9.93 10.54) (layer F.Fab) (width 0.1))
    (fp_line (start -43.17 10.94) (end 9.93 10.94) (layer F.Fab) (width 0.1))
    (fp_line (start -43.17 10.54) (end -43.17 10.94) (layer F.Fab) (width 0.1))
    (fp_line (start 9.93 -1.8) (end -43.17 -1.8) (layer F.Fab) (width 0.1))
    (fp_line (start 9.93 10.54) (end 9.93 -1.8) (layer F.Fab) (width 0.1))
    (fp_line (start -43.17 10.54) (end 9.93 10.54) (layer F.Fab) (width 0.1))
    (fp_line (start -43.17 -1.8) (end -43.17 10.54) (layer F.Fab) (width 0.1))
    (fp_text user %R (at -16.62 14.025) (layer F.Fab)
      (effects (font (size 1 1) (thickness 0.15)))
    )
    (fp_arc (start 6.93 1.42) (end 5.33 1.42) (angle 180) (layer F.Fab) (width 0.1))
    (fp_arc (start -40.17 1.42) (end -41.77 1.42) (angle 180) (layer F.Fab) (width 0.1))
    (pad 0 thru_hole circle (at 6.93 1.42 180) (size 4 4) (drill 3.2) (layers *.Cu *.Mask))
    (pad 0 thru_hole circle (at -40.17 1.42 180) (size 4 4) (drill 3.2) (layers *.Cu *.Mask))
